256 25.74535852801725
0110013130230110210231302100132111223300003231011203323113301331232222313122002133222121101330130132
55457 267.5039395313837
1320102320133132203013102233332131330332102232032333010202133230311012110330303312321201230223213300
445 24.204928991713572
3131313031202313021321213331013210200333202001022033203330330232202001122202323330332011102032031002
296 22.04400656320891
1122013120302310003231111230032231120310023333332133233322010120101112300302120323002322210023003330
3355 253.6913144653172
0310102223030231032101332022211221201220121003223012122003303323020113230021332202310031102032030120
